-1 -1 -1 -1 -1 -1 -1 -1 -1 -1 -1 -1 -1 -1 -1 -1 -1
-1 -1 0.4142 0.765363194829749 0.999990409954016 1.08238701026943 1 0.765363194829749 0.41422315241908 0.2929 0.292883628767468 0.507298777842013 0.707106781186548 0.819482794206199 0.819500347772959 0.7071 0.507308229777519
-1 0.4142 -1 0.41422315241908 0.765363194829749 1 1.08238701026943 0.999990409954015 0.765363194829749 0.507298777842013 0.292883628767468 0.2929 0.507308229777519 0.7071 0.819500347772959 0.819482794206199 0.707106781186547
-1 0.765363194829749 0.41422315241908 -1 0.4142 0.765363194829749 0.999990409954016 1.08238701026943 1 0.7071 0.507308229777519 0.2929 0.292883628767468 0.507298777842013 0.707106781186548 0.819482794206199 0.819500347772959
-1 0.999990409954016 0.765363194829749 0.4142 -1 0.41422315241908 0.765363194829749 1 1.08238701026943 0.819482794206199 0.707106781186547 0.507298777842013 0.292883628767468 0.2929 0.507308229777519 0.7071 0.819500347772958
-1 1.08238701026943 1 0.765363194829749 0.41422315241908 -1 0.4142 0.765363194829749 0.999990409954016 0.819482794206199 0.819500347772958 0.7071 0.507308229777519 0.2929 0.292883628767468 0.507298777842013 0.707106781186547
-1 1 1.08238701026943 0.999990409954016 0.765363194829749 0.4142 -1 0.41422315241908 0.765363194829749 0.7071 0.819500347772959 0.819482794206199 0.707106781186548 0.507298777842013 0.292883628767468 0.2929 0.507308229777519
-1 0.765363194829749 0.999990409954015 1.08238701026943 1 0.765363194829749 0.41422315241908 -1 0.4142 0.507298777842013 0.707106781186547 0.819482794206199 0.819500347772959 0.7071 0.507308229777519 0.2929 0.292883628767468
-1 0.41422315241908 0.765363194829749 1 1.08238701026943 0.999990409954016 0.765363194829749 0.4142 -1 0.2929 0.507308229777519 0.7071 0.819500347772959 0.819482794206199 0.707106781186548 0.507298777842013 0.292883628767468
-1 0.2929 0.507298777842013 0.7071 0.819482794206199 0.819482794206199 0.7071 0.507298777842013 0.2929 -1 0.224169690190266 0.4142 0.541193505134716 0.585767257534936 0.541193505134716 0.4142 0.224169690190266
-1 0.292883628767468 0.292883628767468 0.507308229777519 0.707106781186547 0.819500347772958 0.819500347772959 0.707106781186547 0.507308229777519 0.224169690190266 -1 0.224169690190266 0.41422315241908 0.541193505134716 0.5858 0.541193505134716 0.41422315241908
-1 0.507298777842013 0.2929 0.2929 0.507298777842013 0.7071 0.819482794206199 0.819482794206199 0.7071 0.4142 0.224169690190266 -1 0.224169690190266 0.4142 0.541193505134716 0.585767257534936 0.541193505134716
-1 0.707106781186548 0.507308229777519 0.292883628767468 0.292883628767468 0.507308229777519 0.707106781186548 0.819500347772959 0.819500347772959 0.541193505134716 0.41422315241908 0.224169690190266 -1 0.224169690190266 0.41422315241908 0.541193505134716 0.5858
-1 0.819482794206199 0.7071 0.507298777842013 0.2929 0.2929 0.507298777842013 0.7071 0.819482794206199 0.585767257534936 0.541193505134716 0.4142 0.224169690190266 -1 0.224169690190266 0.4142 0.541193505134716
-1 0.819500347772959 0.819500347772959 0.707106781186548 0.507308229777519 0.292883628767468 0.292883628767468 0.507308229777519 0.707106781186548 0.541193505134716 0.5858 0.541193505134716 0.41422315241908 0.224169690190266 -1 0.224169690190266 0.41422315241908
-1 0.7071 0.819482794206199 0.819482794206199 0.7071 0.507298777842013 0.2929 0.2929 0.507298777842013 0.4142 0.541193505134716 0.585767257534936 0.541193505134716 0.4142 0.224169690190266 -1 0.224169690190266
-1 0.507308229777519 0.707106781186547 0.819500347772959 0.819500347772958 0.707106781186547 0.507308229777519 0.292883628767468 0.292883628767468 0.224169690190266 0.41422315241908 0.541193505134716 0.5858 0.541193505134716 0.41422315241908 0.224169690190266 -1